

886.5 1565.5 
401.5 
651.5 1285.5 
362.5 
896.5 1805.5 
398.5 
359.5 
401.5 
866.5 1760.5 
383.5 

153.5 557.5 

185.5 589.5 
651.5 1205.5 
461.5 
401.5 
846.5 1755.5 
401.5 
401.5 

651.5 1480.5 
401.5 

233.5 637.5 
389.5 
867.5 1766.5 
765.5 1614.5 
401.5 

159.5 

111.5 895.5 
806.5 1715.5 
401.5 

520.5 1334.5 
866.5 1755.5 
596.5 
401.5 

566.5 1475.5 
701.5 1255.5 
401.5 

96.5 
618.5 1387.5 
896.5 1805.5 

381.5 
568.5 
699.5 
301.5 
401.5 
771.5 1575.5 
401.5 
854.5 1698.5 
866.5 1775.5 
793.5 1702.5 
401.5 

378.5 
395.5 
716.5 1415.5 
891.5 1795.5 
401.5 
678.5 1587.5 
368.5 

385.5 
401.5 
699.5 1493.5 
401.5 
676.5 1575.5 
621.5 
435.5 
395.5 
386.5 
401.5 
421.5 
275.5 
541.5 
828.5 
295.5 884.5 
395.5 
401.5 
761.5 1165.5 
392.5 
800.5 1614.5 
386.5 

187.5 
401.5 
411.5 
541.5 
401.5 
896.5 1805.5 
823.5 1577.5 
498.5 
